image: 2d_map.pgm
resolution: 0.050000
origin: [-9.139240, -7.552724, 0.000000]
negate: 0
occupied_thresh: 0.65
free_thresh: 0.196

